10 0.99902 0.00380 0.98438 0.0017 1.00000 0.00775 0.99805 0.003822
12 0.99878 0.00386 0.98218 0.0019 0.99878 0.00756 0.99561 0.003857
14 0.99872 0.00388 0.98364 0.0018 0.99951 0.00813 0.99683 0.004015
16 0.99890 0.00392 0.98196 0.0020 0.99942 0.00809 0.99693 0.004100
18 0.99873 0.00411 0.98211 0.0019 0.99942 0.00833 0.99701 0.004099
20 0.99875 0.00397 0.98204 0.0019 0.99940 0.00816 0.99712 0.004133
22 0.99879 0.00362 0.98212 0.0017 0.99941 0.00773 0.99702 0.003734
24 0.99879 0.00388 0.98215 0.0018 0.99940 0.00780 0.99707 0.003969
26 0.99879 0.00439 0.98220 0.0021 0.99940 0.00806 0.99707 0.004150

